10100000000000000
000000000000000000
000100000000000000
000000000000000000
000100000000000000
000000000000000000
000100000000000000
000000000000000000
010000000000000000
000100000000000000
000000000000000000
000100000000000000
000000000000000000
000100000000000000
000000000000000000
000100000000000000
000110000000000000
000000000000000000
000100000000000000
010100000000000000
000000000000000000
010100000000000000
000100000000000000
000000000000000000
000000000000000000
000100000000000000
000000000000000000
000100000000000000
000000000000000000
000100000000000000
000000000000000000
000100000000000000
000000000000000000
000100110011001101
000101001100110011
000101100110011010
000000000000000000
000101100110011010
000101001100110011
000100110011001101
000100000000000000
000100000000000000
000100000000000000
000100000000000000
000100000000000000
000100000000000000
000100000000000000
000100000000000000
010000000000000000
000100000000000000
000000000000000000
000100000000000000
000000000000000000
000100000000000000
000000000000000000
000100000000000000
001000000000000000
000000000000000000
001000000000000000
000000000000000000
001000000000000000
001000000000000000
000000000000000000
000000000000000000
000000000000000000
000000000000000000
000000000000000000
000000000000000000
000000000000000000
000000000000000000
000000000000000000
000000000000000000
010000000000000000
000000000000000000
000000000000000000
000000000000000000
000100000000000000
000100000000000000
000100000000000000
000100000000000000
